**例1：求向量组的秩**  
 $S=[(1,2,3,4),(0,-1,-2,-3),(2,3,4,5)]$   
  
**解**  
 $A=\begin{bmatrix}  
1&2&3&4\\\   
0&-1&-2&-3\\\   
2&3&4&5  
\end{bmatrix}$   
  
 $\longrightarrow  
\begin{bmatrix}  
1&2&3&4\\\   
0&-1&-2&-3\\\   
0&-1&-2&-3  
\end{bmatrix}  
\longrightarrow  
\begin{bmatrix}  
1&2&3&4\\\   
0&-1&-2&-3\\\   
0&0&0&0  
\end{bmatrix}$   
  
 $\Rightarrow\rm{rank(S)=2}$   
  
 $\Rightarrow S$  中向量线性相关 ( $2<3$ )  
  
**例2：求极大无关组**  
 $S=[(1,0,2),(2,-1,3),(3,-2,4),(4,-3,5)]$   
  
**解**  
 $A=\begin{bmatrix}  
1&2&3&4\\\   
0&-1&-2&-3\\\   
2&3&4&5  
\end{bmatrix}  
\overset{行阶梯型矩阵}\longrightarrow  
\begin{bmatrix}  
1&2&3&4\\\   
0&-1&-2&3\\\   
0&0&0&0  
\end{bmatrix}$   
  
 $\Rightarrow\rm{rank(S)=2}$   
  
 $\Rightarrow(1,0,2),(2,-1,3)$ 是 $S$ 的极大无关组  
  
 $\Rightarrow S$ 中任意2个不成比例的向量都是极大无关组  
  
 $\Rightarrow$ 所有极大无关组：第1，2列；第1，3列；第1，4列；  
 $\quad\quad\quad\quad\quad\quad\quad\quad$ 第2，3列；第2，4列；第3，4列  
  
  
